<d>-<# generated nodes>-<branching factor>
0    1                    2.000000
1    2                    2.000000
2    4                    2.500000
3    10                   2.400000
4    24                   2.250000
5    54                   1.981481
6    107                  1.981308
7    212                  2.103774
8    446                  2.121076
9    946                  2.059197
10   1948                 2.021561
11   3938                 1.982732
12   7808                 1.990779
13   15544                1.982823
14   30821                1.974044
15   60842                1.955886
16   119000               1.948269
17   231844               1.929496
18   447342               1.921894
19   859744               1.904501
20   1637383              1.892208
21   3098270              1.872791
22   5802411              1.858500
23   10783780             1.838531
24   19826318             