<d>-<# generated nodes>-<branching factor>
0    1                    3.000000
1    3                    2.000000
2    6                    2.000000
3    12                   2.500000
4    30                   1.000000
5    30                   2.200000
6    66                   1.454545
7    96                   1.312500
8    126                  1.666667
9    210                  1.571429
10   330                  0.963636
11   318                  1.452830
12   462                  1.766234
13   816                  1.264706
14   1032                 0.906977
15   936                  1.115385
16   1044                 1.678161
17   1752                 1.489726
18   2610                 1.163218
19   3036                 1.162055
20   3528                 0.937075
21   3306                 1.384755
22   4578                 1.380079
23   6318                 1.441595
24   9108                 1.171937
25   10674                1.084879
26   11580                1.022798
27   11844                1.129179
28   13374                1.280395
29   17124                1.381920
30   23664                1.360041
31   32184                1.149142
32   36984                1.076736
33   39822                0.967907
34   38544                1.036115
35   39936                1.150240
36   45936                1.262409
37   57990                1.332333
38   77262                1.247263
39   96366                1.204284
40   116052               1.095130
41   127092               0.961052
42   122142               0.917670
43   112086               1.042182
44   116814               1.156351
45   135078               1.164705
46   157326               1.223561
47   192498               1.280367
48   246468               1.236063
49   304650               1.162048
50   354018               1.096351
51   388128               1.069766
52   415206               1.030115
53   427710               0.962811
54   411804               0.977416
55   402504               1.121072
56   451236               1.154815
57   521094               1.152736
58   600684               1.189893
59   714750               1.236239
60   883602               1.205260
61   1064970              1.153700
62   1228656              1.098210
63   1349322              1.085238
64   1464336              1.051279
65   1539426              1.017025
66   1565634              0.992830
67   1554408              1.036176
68   1610640              1.057614
69   1703436              1.109688
70   1890282              1.134615
71   2144742              1.181334
72   2533656              1.179653
73   2988834              1.173159
74   3506376              1.145884
75   4017900              