<d>-<# generated nodes>-<branching factor>1.000000
0    1                    3.000000
1    3                    2.000000
2    6                    2.000000
3    12                   2.500000
4    30                   1.000000
5    30                   2.200000
6    66                   1.454545
7    96                   1.312500
8    126                  1.666667
9    210                  1.571429
10   330                  0.963636
11   318                  1.452830
12   462                  1.766234
13   816                  1.264706
14   1032                 0.906977
15   936                  1.115385
16   1044                 1.678161
17   1752                 1.489726
18   2610                 1.163218
19   3036                 1.162055
20   3528                 0.937075
21   3306                 1.384755
22   4578                 1.380079
23   6318                 1.441595
24   9108                 1.171937
25   10674                1.084879
26   11580                1.022798
27   11844                1.129179
28   13374                1.280395
29   17124                1.381920
30   23664                1.360041
31   32184                1.149142
32   36984                1.076736
33   39822                0.967907
34   38544                1.036115
35   39936                1.150240
36   45936                1.262409
37   57990                1.332333
38   77262                1.247263
39   96366                1.204284
40   116052               1.095130
41   127092               0.961052
42   122142               0.917670
43   112086               1.042182
44   116814               1.156351
45   135078               1.164705
46   157326               1.223561
47   192498               1.280367
48   246468               1.236014
49   304638               1.161897
50   353958               1.096062
51   387960               1.069100
52   414768               1.028426
53   426558               0.959884
54   409446               0.971718
55   397866               1.111248
56   442128               1.144094
57   505836               1.136633
58   574950               1.170143
59   672774               1.218258
60   819612               1.182940
61   969552               1.118979
62   1084908              1.056267
63   1145952              1.024676
64   1174230              0.966143
65   1134474              0.898159
66   1018938              0.816874
67   832344               0.777796
68   647394               0.708969
69   458982               0.696537
70   319698               0.611152
71   195384               0.522172
72   102024               0.432781
73   44154                0.332110
74   14664                0.246727
75   3618                 0.349917
76   1266                 0.232227
77   294                  0.530612
78   156                  0.461538
79   72                   0.250000
80   18                   0.333333
81   6                 
16777216 states in total.