<id> : <instance> :               <# generated nodes> <final-value> <time-in-secs>
----------------------------------------------------------------------------------
1    : 9 14 1 7 3 6 10 5 4 2 12 15 11 8 0 13 16          4672475              55         6.213530
2    : 13 12 11 1 14 2 3 10 9 7 6 8 4 15 5 0 16          10400016             54         13.496945
3    : 0 10 3 7 6 5 12 9 8 13 14 1 4 11 2 15 16          650474               44         0.876710
4    : 9 10 13 12 2 3 11 1 14 15 7 6 5 4 8 0 16          58789                29         0.067621
5    : 13 1 2 6 14 3 7 9 5 4 10 11 12 15 0 8 16          676760               46         0.901191
6    : 13 6 5 0 2 1 12 11 3 15 8 7 9 10 14 4 16          3327665              50         4.462653
7    : 13 1 15 14 3 4 0 7 6 5 12 2 8 9 10 11 16          1159555              36         1.424932
8    : 6 7 12 10 9 14 2 15 8 0 1 11 13 5 4 3 16          220991               33         0.265133
9    : 5 12 14 7 8 11 13 15 1 2 3 4 0 9 10 6 16          1712584              37         1.675870
10   : 1 14 2 4 0 5 6 7 8 9 10 3 13 12 11 15 16          79387                35         0.096309