<id> : <instance> :               <# generated nodes> <final-value> <time-in-secs>
----------------------------------------------------------------------------------
1    : 7 5 8 0 12 4 10 11 6 2 1 3 9 13   40098041             72         87.832626
2    : 10 5 9 3 2 6 1 8 11 7 4 12 0 13   11461160             69         25.890192
3    : 3 7 12 5 1 10 4 9 11 2 8 0 6 13   25015045             74         56.515022
4    : 2 12 5 4 6 10 0 8 3 1 11 7 9 13   12629850             67         28.057522
5    : 12 9 4 7 3 11 8 5 1 6 10 2 0 13   6468352              65         14.343187
6    : 9 4 11 12 5 8 6 10 0 2 3 1 7 13   1146722              56         2.522536
7    : 3 9 11 8 0 7 12 5 1 2 4 10 6 13   4500540              64         10.159490
8    : 11 3 6 10 12 8 2 7 1 9 0 5 4 13   24377245             70         54.523926
9    : 9 5 7 6 2 12 1 3 11 4 10 8 0 13   15171599             70         34.351002
10   : 3 9 2 6 0 7 10 4 5 12 1 8 11 13   25832625             71         57.876221