<id> : <instance> :               <# generated nodes> <final-value> <time-in-secs>
----------------------------------------------------------------------------------
1    : 5 4 0 9 1 8 6 10 2 3 7 11         11055                36         0.017694
2    : 8 3 1 6 10 9 4 7 5 2 0 11         8841                 36         0.013276
3    : 5 1 8 6 3 2 0 4 7 10 9 11         8012                 36         0.012146
4    : 1 3 7 2 4 0 8 10 6 5 9 11         118705               48         0.190759
5    : 5 1 6 0 7 3 8 10 4 2 9 11         299198               54         0.493799
6    : 0 6 5 1 2 9 4 8 3 7 10 11         10703                36         0.022150
7    : 9 10 8 3 4 1 2 5 0 6 7 11         67128                44         0.120812
8    : 6 2 4 0 8 3 10 9 7 5 1 11         94203                48         0.158864
9    : 4 10 9 2 6 8 0 1 5 3 7 11         33699                43         0.059984
10   : 10 7 0 2 1 6 4 5 8 9 3 11         11289                35         0.017995