<id> : <instance> :               <# generated nodes> <final-value> <time-in-secs>
----------------------------------------------------------------------------------
1    : 4 5 6 7 8 9 10 11 12 15 3 0 13 14 2 1 16          85                   6          0.000169
2    : 12 11 10 0 13 14 15 1 2 3 4 7 8 9 5 6 16          93                   8          0.000195
3    : 0 1 4 5 9 8 11 10 6 14 13 12 7 15 2 3 16          261                  11         0.000415
4    : 15 3 2 1 14 4 5 10 11 7 6 13 12 8 9 0 16          124                  9          0.000238
5    : 9 8 14 15 13 12 10 0 1 2 3 4 5 6 7 11 16          611                  14         0.000844
6    : 15 14 1 0 2 3 4 5 10 11 7 6 9 8 12 13 16          442                  11         0.000580
7    : 15 14 1 0 2 3 4 5 6 7 8 9 10 11 12 13 16          22                   6          0.000048
8    : 0 3 4 5 6 7 8 9 2 13 14 10 1 11 12 15 16          207                  12         0.000414
9    : 0 1 2 3 8 6 5 4 13 14 7 9 10 12 11 15 16          211                  15         0.000335
10   : 3 7 6 5 10 9 8 4 14 13 12 11 0 1 2 15 16          166                  12         0.000304