<id> : <instance> :               <# generated nodes> <final-value> <time-in-secs>
----------------------------------------------------------------------------------
1    : 8 4 5 10 9 7 0 1 2 3 6 11         100                  15         0.000224
2    : 8 4 3 2 9 5 6 10 1 0 7 11         110                  15         0.000215
3    : 0 1 2 9 4 5 7 8 3 6 10 11         81                   15         0.000163
4    : 8 7 1 0 4 5 6 9 2 3 10 11         114                  15         0.000240
5    : 0 10 9 2 1 6 7 3 4 5 8 11         109                  15         0.000207
6    : 8 3 2 10 9 4 1 7 6 5 0 11         140                  15         0.000253
7    : 7 6 9 8 0 2 10 1 5 4 3 11         80                   15         0.000156
8    : 1 5 4 3 2 0 8 10 9 7 6 11         99                   15         0.000185
9    : 0 1 5 3 8 7 6 4 10 9 2 11         69                   15         0.000156
10   : 0 7 6 2 1 8 5 10 9 3 4 11         100                  15         0.000182