<id> : <instance> :               <# generated nodes> <final-value> <time-in-secs>
----------------------------------------------------------------------------------
1    : 9 7 1 0 3 4 5 10 2 6 12 8 11 13   331577               51         0.788039
2    : 4 5 6 3 10 11 1 7 8 9 2 12 0 13   187404               44         0.465837
3    : 4 9 10 1 5 8 11 12 2 3 7 6 0 13   20812                36         0.044494
4    : 9 5 3 11 10 6 0 4 7 1 2 12 8 13   115722               45         0.270963
5    : 4 10 2 5 6 7 0 12 11 9 3 8 1 13   686567               53         1.677711
6    : 9 6 11 3 1 0 12 7 8 2 10 5 4 13   222989               48         0.507179
7    : 7 3 8 1 4 5 6 12 10 0 2 11 9 13   185011               49         0.424189
8    : 0 7 6 5 4 8 9 1 10 2 3 12 11 13   670                  21         0.001340
9    : 9 12 11 0 7 1 2 3 8 6 5 4 10 13   13811                36         0.029201
10   : 7 2 0 3 4 8 1 6 5 9 10 12 11 13   17106                36         0.036314