<id> : <instance> :               <# generated nodes> <final-value> <time-in-secs>
----------------------------------------------------------------------------------
1    : 7 5 2 9 4 8 0 10 6 1 3 11         73523                45         0.118542
2    : 6 2 7 4 1 10 0 9 8 3 5 11         214039               53         0.340346
3    : 6 7 0 3 10 4 8 9 5 1 2 11         34547                41         0.050864
4    : 8 10 6 3 1 2 4 7 0 5 9 11         925122               58         1.410765
5    : 9 7 2 1 10 6 8 0 4 5 3 11         58849                44         0.108802
6    : 3 10 4 2 7 5 6 9 0 1 8 11         50710                45         0.080537
7    : 10 0 5 4 1 9 8 7 3 6 2 11         1655                 28         0.002277
8    : 2 3 7 10 6 0 5 9 1 8 4 11         6964                 36         0.010640
9    : 1 5 6 4 10 0 9 8 7 2 3 11         57642                43         0.091160
10   : 9 7 0 10 4 6 5 8 2 3 1 11         130545               50         0.201821