<id> : <instance> :               <# generated nodes> <final-value> <time-in-secs>
----------------------------------------------------------------------------------
1    : 0 7 3 5 4 9 10 8 6 1 2 11         16003                39         0.036541
2    : 6 7 4 3 5 2 1 0 9 8 10 11         1908                 28         0.003490
3    : 8 5 7 4 9 1 0 2 3 10 6 11         410384               54         0.660890
4    : 10 1 5 4 3 0 8 9 7 6 2 11         91126                43         0.134997
5    : 10 4 1 0 2 8 6 5 9 7 3 11         18193                40         0.026768
6    : 9 0 7 10 4 8 2 6 1 3 5 11         1613571              62         2.564135
7    : 3 0 6 7 8 1 5 4 10 2 9 11         1634                 28         0.002521
8    : 7 5 4 8 6 10 3 9 1 0 2 11         8926                 36         0.013445
9    : 9 6 10 3 1 7 4 0 8 5 2 11         156139               51         0.229093
10   : 5 8 3 2 6 10 0 9 7 1 4 11         46441                45         0.072552