Ingrese el nombre del archivo de prueba: topspin_14_4.d=2000000
<id> : <instance> :               <# generated nodes> <final-value> <time-in-secs>
----------------------------------------------------------------------------------
1    : 2 1 11 8 12 4 3 7 6 5 0 10 9 13   201748               47         0.488007
2    : 6 10 12 5 4 8 7 0 9 3 1 11 2 13   7740575              63         18.361008
3    : 8 11 0 2 4 1 12 6 9 3 5 7 10 13   13689273             68         33.520725
4    : 3 6 11 8 5 12 7 0 9 1 4 2 10 13   3271375              63         8.337532
5    : 5 7 12 6 0 3 9 8 1 2 10 4 11 13   907883               55         2.196790
6    : 7 4 12 11 0 3 8 9 2 6 1 10 5 13   4487011              61         11.518753
7    : 3 6 12 2 8 1 7 5 9 0 4 11 10 13   237981               51         0.621428
8    : 2 1 7 6 4 0 11 5 8 9 12 10 3 13   1081035              54         2.789450
9    : 10 11 3 2 5 9 8 7 12 6 0 4 1 13   106365               43         0.283940
10   : 0 11 9 12 8 7 4 1 2 5 3 10 6 13   6068380              63         16.239742