<id> : <instance> :               <# generated nodes> <final-value> <time-in-secs>
----------------------------------------------------------------------------------
1    : 3 4 5 10 6 0 2 8 7 9 1 11         76253                45         0.114923
2    : 9 8 7 2 3 4 5 6 10 1 0 11         27                   10         0.000063
3    : 4 8 1 9 10 0 3 5 6 7 2 11         10720                35         0.015482
4    : 0 10 9 8 7 5 2 1 4 3 6 11         11349                36         0.018445
5    : 8 9 2 6 0 5 4 10 7 3 1 11         9958                 36         0.014060
6    : 8 1 2 7 3 0 5 4 9 10 6 11         10818                36         0.015530
7    : 3 2 5 4 0 8 9 1 6 7 10 11         27                   10         0.000062
8    : 4 3 2 7 6 5 0 9 1 10 8 11         9974                 36         0.014851
9    : 1 3 10 9 7 8 2 6 5 4 0 11         11374                36         0.015802
10   : 1 9 8 7 0 6 10 5 3 4 2 11         8250                 36         0.013607