<id> : <instance> :               <# generated nodes> <final-value> <time-in-secs>
----------------------------------------------------------------------------------
1    : 12 7 1 2 3 11 10 5 4 8 9 6 0 13   172                  15         0.000624
2    : 8 7 6 9 12 11 0 10 1 2 3 4 5 13   179                  15         0.000621
3    : 10 9 2 12 4 3 1 11 5 6 7 8 0 13   152                  15         0.000563
4    : 6 7 3 8 4 5 0 10 9 12 11 1 2 13   99                   15         0.000499
5    : 0 1 5 10 9 2 6 4 3 8 7 11 12 13   152                  15         0.000536
6    : 0 7 1 11 12 8 5 4 3 2 6 10 9 13   79                   12         0.000264
7    : 5 6 2 1 4 8 9 10 11 12 0 7 3 13   227                  15         0.000737
8    : 6 11 0 1 2 3 4 7 8 12 5 10 9 13   170                  15         0.000512
9    : 9 8 11 1 2 3 10 6 5 4 0 7 12 13   154                  12         0.000461
10   : 3 4 1 0 5 6 7 10 11 12 8 9 2 13   240                  15         0.000722