<id> : <instance> :               <# generated nodes> <final-value> <time-in-secs>
----------------------------------------------------------------------------------
1    : 11 9 0 6 7 8 2 10 5 1 3 4 12 13   521266               52         1.499306
2    : 4 5 2 10 1 11 0 3 8 7 9 12 6 13   10275717             66         27.569696
3    : 3 7 8 6 9 0 4 11 12 5 2 1 10 13   7751816              65         21.500841
4    : 4 10 5 11 3 6 7 8 2 0 12 1 9 13   787194               54         2.276307
5    : 8 5 10 0 6 2 1 4 12 11 9 7 3 13   6533498              65         17.932261
6    : 1 11 7 3 2 9 5 6 12 8 0 4 10 13   250301               49         0.706307
7    : 2 1 0 7 4 9 8 3 10 12 11 5 6 13   189080               45         0.593427
8    : 1 9 8 3 12 4 5 6 0 7 2 10 11 13   1636156              54         4.513213
9    : 11 7 8 9 2 6 10 5 12 3 0 4 1 13   30700159             68         90.134506
10   : 6 0 7 9 5 12 2 3 1 8 11 10 4 13   6013139              64         17.762112